2016 01 01 04 59
2016 01 02 08 15
2016 01 02 14 31
2016 01 03 18 54
2016 01 06 18 41
2016 01 08 16 49
2016 01 08 17 16
2016 01 11 01 11
2016 01 12 14 52
2016 01 12 15 36
2016 01 19 00 19
2016 01 20 04 21
2016 01 20 15 33
2016 01 20 23 30
2016 01 25 04 14
2016 01 25 09 11
2016 01 26 16 04
2016 01 26 18 56
2016 01 27 14 33
2016 01 28 02 18
2016 01 28 17 21
2016 02 03 06 53
2016 02 06 19 35
2016 02 07 15 17
2016 02 08 13 03
2016 02 09 19 58
2016 02 09 22 42
2016 02 10 09 47
2016 02 11 11 19
2016 02 12 19 23
2016 02 14 12 32
2016 02 14 20 56
2016 02 15 11 45
2016 02 15 19 36
2016 02 21 02 16
2016 02 22 16 07
2016 02 24 15 32
2016 03 01 09 06
2016 03 02 14 39
2016 03 06 01 35
2016 03 09 00 12
2016 03 09 00 44
2016 03 11 04 49
2016 03 12 12 37
2016 03 12 20 12
2016 03 20 19 16
2016 03 22 14 57
2016 04 02 21 50
2016 04 03 00 41
2016 04 03 14 46
2016 04 05 06 44
2016 04 07 04 00
2016 04 09 03 12
2016 04 10 11 20
2016 04 13 04 38
2016 04 14 15 57
2016 04 15 18 12
2016 04 18 06 50
2016 04 18 13 57
2016 04 19 12 50
2016 04 20 01 33
2016 04 20 02 04
2016 04 21 07 25
2016 04 23 01 11
2016 04 23 05 48
2016 04 24 11 09
2016 04 28 14 10
2016 05 01 18 49
2016 05 04 15 01
2016 05 05 23 31
2016 05 06 23 30
2016 05 08 09 25
2016 05 09 14 16
2016 05 11 12 05
2016 05 12 13 38
2016 05 16 13 59
2016 05 16 15 37
2016 05 19 13 40
2016 05 19 20 47
2016 05 20 22 07
2016 05 24 21 11
2016 05 26 06 26
2016 05 27 13 20
2016 06 02 10 54
2016 06 03 11 52
2016 06 05 20 41
2016 06 06 01 43
2016 06 06 13 57
2016 06 13 23 31
2016 06 14 23 43
2016 06 16 05 11
2016 06 20 11 31
2016 06 21 04 54
2016 06 21 09 28
2016 06 22 03 45
2016 06 24 02 16
2016 06 28 04 27
2016 07 02 12 19
2016 07 02 22 15
2016 07 03 12 34
2016 07 05 05 35
2016 07 06 23 59
2016 07 12 21 59
2016 07 14 05 10
2016 07 14 07 55
2016 07 15 01 27
2016 07 15 22 52
2016 07 18 04 12
2016 07 19 13 58
2016 07 22 23 55
2016 07 25 09 58
2016 07 26 10 11
2016 07 27 13 24
2016 08 01 00 16
2016 08 07 00 24
2016 08 07 21 49
2016 08 12 05 39
2016 08 13 03 24
2016 08 13 05 06
2016 08 14 00 34
2016 08 17 22 18
2016 08 18 06 52
2016 08 18 08 13
2016 08 19 22 51
2016 08 21 10 27
2016 08 21 12 14
2016 08 23 19 49
2016 08 23 21 05
2016 08 24 17 07
2016 08 26 09 36
2016 08 27 01 29
2016 08 27 04 45
2016 08 27 16 11
2016 09 01 01 21
2016 09 07 10 17
2016 09 08 18 17
2016 09 12 12 08
2016 09 12 14 02
2016 09 13 06 04
2016 09 13 17 07
2016 09 19 10 22
2016 09 19 21 16
2016 09 20 02 46
2016 09 21 19 41
2016 09 24 00 43
2016 09 24 01 35
2016 09 27 18 42
2016 10 02 15 55
2016 10 03 06 31
2016 10 04 13 41
2016 10 06 13 02
2016 10 06 21 03
2016 10 09 08 08
2016 10 13 15 35
2016 10 13 21 19
2016 10 14 21 36
2016 10 17 14 46
2016 10 18 06 16
2016 10 22 07 02
2016 10 22 13 05
2016 10 23 09 24
2016 10 23 10 11
2016 10 24 21 04
2016 10 26 10 45
2016 10 27 03 53
2016 11 01 23 59
2016 11 03 16 13
2016 11 04 11 07
2016 11 10 01 39
2016 11 12 05 11
2016 11 14 03 43
2016 11 15 04 23
2016 11 15 19 03
2016 11 19 01 08
2016 11 19 13 41
2016 11 21 00 44
2016 11 22 00 24
2016 11 23 01 37
2016 11 24 15 23
2016 11 26 21 15
2016 11 27 13 47
2016 12 01 19 19
2016 12 01 19 33
2016 12 02 12 41
2016 12 05 18 47
2016 12 05 23 16
2016 12 07 19 18
2016 12 08 21 16
2016 12 09 09 07
2016 12 09 13 51
2016 12 11 22 23
2016 12 12 06 16
2016 12 13 17 42
2016 12 15 11 29
2016 12 16 07 00
2016 12 17 20 10
2016 12 18 16 56
2016 12 21 08 17
2016 12 24 22 12
2016 12 27 18 00
